34 2
0 -0.810189 -0.961331
33 0.220166 -1.172044
32 0.392585 -1.230293
2 -0.277512 -1.034155
1 -0.627916 -0.961759
3 -0.550790 -0.999965
31 0.026794 -1.095235
13 -0.453586 -1.000948
23 0.382086 -1.235106
27 0.283372 -1.180650
7 -0.536812 -0.984653
8 0.135498 -1.135312
5 -1.147243 -0.939474
6 -1.252648 -0.939485
29 0.379529 -1.197746
10 -1.246477 -0.942853
4 -1.113681 -0.977319
19 -0.248454 -1.028392
24 0.500607 -1.264311
30 0.087136 -1.095996
25 0.343868 -1.202897
28 0.017163 -1.105530
17 -0.604291 -0.960187
20 0.362325 -1.293817
16 -1.090520 -0.936746
12 -0.585440 -0.952467
21 -0.732724 -0.938858
14 0.182108 -1.139036
26 0.380020 -1.244874
15 0.266884 -1.202561
9 -0.073187 -1.050709
22 0.238493 -1.167921
18 0.577809 -1.274982
11 -0.907730 -0.907234
